0.32666666666666666
0.09333333333333327
0.1766666666666663
0.16666666666666652
0.27
0.24333333333333362
-0.05333333333333323
-0.0733333333333337
-0.023333333333333428
-0.06333333333333302
0.12666666666666693
0.05666666666666664
0.1433333333333331
0.036666666666666625
0.20666666666666655
-0.08666666666666645
-0.036666666666666625
0.036666666666666625
-0.0733333333333337
0.033333333333333215
0.34666666666666623
0.2566666666666664
0.2899999999999996
0.08999999999999986
0.12666666666666693
0.6433333333333331
0.30666666666666664
0.01666666666666705
0.16666666666666652
0.33666666666666645
-0.013333333333333197
0.2200000000000002
0.38000000000000034
0.18999999999999995
0.16999999999999993
0.2633333333333332
0.033333333333333215
0.2799999999999998
0.40333333333333377
0.020000000000000018
0.2799999999999998
0.08333333333333348
0.2899999999999996
0.2899999999999996
0.6066666666666669
0.45333333333333314
0.733333333333333
0.5466666666666669
0.6366666666666667
0.2833333333333332
0.34333333333333327
0.10000000000000009
0.6366666666666667
0.6699999999999999
0.47666666666666657
0.6666666666666665
0.5666666666666664
0.6199999999999997
0.7933333333333334
0.5700000000000003
0.47333333333333316
0.6566666666666667
0.5933333333333333
0.69
0.7233333333333332
0.30000000000000027
0.7366666666666668
0.8166666666666664
0.4933333333333336
0.6133333333333333
0.9533333333333331
0.3599999999999999
0.733333333333333
0.30666666666666664
0.15666666666666673
0.5266666666666668
0.6499999999999999
0.2599999999999998
0.7100000000000004
0.6000000000000001
0.8200000000000003
0.4933333333333336
0.5800000000000001
0.6600000000000001
0.4600000000000004
0.43333333333333357
0.6099999999999999
0.6833333333333336
0.6333333333333333
0.48333333333333295
0.6099999999999999
0.5800000000000001
0.6266666666666669
0.09666666666666623
0.44666666666666677
0.563333333333333
0.17333333333333334
0.5
0.6133333333333333
0.7033333333333331
0.31666666666666643
0.4600000000000004
0.43333333333333357
0.10666666666666691
0.5566666666666666
0.45666666666666655
0.6400000000000001
0.7266666666666666
0.6333333333333333
0.8733333333333331
0.8333333333333335
0.45666666666666655
0.6333333333333333
0.6933333333333334
0.5066666666666664
0.6633333333333336
0.8866666666666667
0.8200000000000003
0.6633333333333336
0.9100000000000001
0.6966666666666668
0.766666666666667
0.6266666666666669
0.8266666666666667
0.7766666666666668
0.766666666666667
0.4933333333333336
0.8399999999999999
0.7433333333333336
0.5566666666666666
0.7066666666666666
0.6999999999999997
0.8500000000000001
0.7566666666666664
0.7533333333333334
0.8200000000000003
0.8699999999999997
1.0566666666666666
0.5033333333333334
0.98
1.0666666666666664
0.8566666666666669
0.8666666666666667
1.1833333333333336
1.04
0.8566666666666669
0.7166666666666668
0.9266666666666663
0.98
1.1399999999999997
0.8200000000000003
1.0899999999999999
1.1933333333333334
1.0966666666666667
1.0599999999999996
0.8766666666666669
1.1000000000000005
0.7766666666666668
1.0166666666666666
1.086666666666667
1.043333333333334
0.9499999999999997
0.8399999999999999
0.9266666666666663
1.0200000000000005
0.7033333333333331
0.8900000000000001
0.6766666666666663
1.0166666666666666
0.6633333333333336
0.8300000000000001
0.9066666666666667
0.686666666666667
0.6533333333333338
0.5066666666666664
0.8366666666666664
0.8833333333333333
0.4966666666666666
0.75
0.8300000000000001
0.8933333333333331
0.733333333333333
0.5533333333333332
0.7366666666666668
0.6733333333333333
0.7166666666666668
0.8399999999999999
1.0
0.936666666666667
0.8233333333333337
0.6499999999999999
0.6999999999999997
0.4266666666666663
0.8466666666666662
0.8200000000000003
0.44666666666666677
0.7766666666666668
0.5099999999999998
0.6066666666666669
0.5
0.5766666666666667
0.2866666666666666
0.3500000000000001
0.3933333333333331
0.2633333333333332
0.2866666666666666
0.06000000000000005
0.29333333333333345
0.3233333333333337
0.043333333333333446
0.16333333333333355
0.036666666666666625
0.06333333333333302
0.21333333333333337
-0.06000000000000005
-0.029999999999999805
0.17999999999999972
0.09333333333333327
0.27
0.18333333333333357
-0.06333333333333302
0.29333333333333345
-0.02666666666666684
0.33999999999999986
0.2599999999999998
0.3233333333333337
-0.02666666666666684
0.09333333333333327
0.26666666666666705
0.30666666666666664
0.21666666666666679
0.11999999999999966
0.18999999999999995
0.1333333333333333
0.09666666666666623
0.10666666666666691
0.2100000000000004
0.19666666666666677
0.043333333333333446
-0.0033333333333334103
0.18666666666666698
0.0066666666666663765
-0.043333333333333446
-0.0733333333333337
-0.19333333333333336
0.09666666666666623
-0.09666666666666623
-0.10000000000000009
-0.16000000000000014
0.1466666666666665
0.043333333333333446
-0.1033333333333335
0.1033333333333335
0.01666666666666705
0.03999999999999959
-0.1466666666666665
0.009999999999999787
-0.08999999999999986
-0.1033333333333335
-0.0033333333333334103
-0.046666666666666856
-0.013333333333333197
0.10000000000000009
-0.050000000000000266
-0.06333333333333302
-0.0033333333333334103
-0.023333333333333428
0.12333333333333307
0.10000000000000009
-0.10666666666666691
-0.09333333333333327
-0.03999999999999959
0.1166666666666667
-0.1433333333333331
-0.1166666666666667
-0.05666666666666664
-0.046666666666666856
-0.1433333333333331
-0.08333333333333348
-0.09666666666666623
-0.06000000000000005
0.12666666666666693
0.17999999999999972
0.036666666666666625
0.0066666666666663765
-0.10999999999999988
0.020000000000000018
-0.0033333333333334103
-0.08333333333333348
-0.023333333333333428
-0.01666666666666705
-0.19999999999999973
-0.03999999999999959
0.06000000000000005
-0.0033333333333334103
-0.036666666666666625
-0.029999999999999805
-0.05666666666666664
0.046666666666666856
-0.029999999999999805
-0.050000000000000266
-0.03999999999999959
0.0
-0.02666666666666684
0.0
-0.15333333333333377
0.09666666666666623
0.1166666666666667
0.0
-0.1033333333333335
0.020000000000000018
-0.013333333333333197
0.06000000000000005
-0.0033333333333334103
0.013333333333333197
0.08999999999999986
-0.036666666666666625
0.15333333333333377
0.03999999999999959
0.03999999999999959
0.013333333333333197
-0.13666666666666671
-0.009999999999999787
-0.06666666666666643
-0.01666666666666705
-0.2200000000000002
0.03999999999999959
-0.1333333333333333
0.029999999999999805
0.1333333333333333
-0.029999999999999805
0.043333333333333446
-0.023333333333333428
-0.1433333333333331
0.10000000000000009
0.10000000000000009
0.01666666666666705
-0.05666666666666664
-0.036666666666666625
0.10666666666666691
-0.06666666666666643
0.023333333333333428
-0.029999999999999805
-0.10666666666666691
-0.01666666666666705
-0.03999999999999959
-0.1433333333333331
-0.06666666666666643
0.0
-0.13666666666666671
0.0733333333333337
0.043333333333333446
-0.036666666666666625
-0.036666666666666625
-0.16999999999999993
0.19333333333333336
0.09666666666666623
-0.013333333333333197
-0.033333333333333215
-0.1333333333333333
-0.05333333333333323
0.020000000000000018
0.036666666666666625
-0.029999999999999805
-0.08666666666666645
0.03999999999999959
-0.06666666666666643
0.01666666666666705
0.06666666666666643
0.036666666666666625
-0.046666666666666856
-0.050000000000000266
-0.0066666666666663765
-0.09666666666666623
-0.03999999999999959
0.06333333333333302
-0.009999999999999787
-0.08999999999999986
-0.16000000000000014
0.033333333333333215
0.06333333333333302
0.07666666666666666
0.02666666666666684
-0.09333333333333327
0.03999999999999959
0.01666666666666705
-0.07666666666666666
0.07666666666666666
0.08333333333333348
0.01666666666666705
0.12333333333333307
0.02666666666666684
-0.03999999999999959
0.1766666666666663
-0.036666666666666625
0.22999999999999998
-0.036666666666666625
-0.16333333333333355
-0.18333333333333357
0.043333333333333446
-0.16666666666666652
0.03999999999999959
-0.16999999999999993
-0.08666666666666645
-0.15666666666666673
-0.07666666666666666
-0.050000000000000266
-0.14000000000000012
-0.050000000000000266
-0.05666666666666664
-0.06000000000000005
-0.029999999999999805
-0.013333333333333197
0.1033333333333335
-0.05333333333333323
-0.046666666666666856
-0.020000000000000018
0.08333333333333348
-0.01666666666666705
0.14000000000000012
-0.043333333333333446
0.033333333333333215
0.10000000000000009
-0.07000000000000028
0.08999999999999986
-0.07000000000000028
-0.16000000000000014
0.1033333333333335
-0.0733333333333337
0.07000000000000028
0.1166666666666667
0.09666666666666623
0.07000000000000028
-0.19999999999999973
-0.050000000000000266
0.01666666666666705
0.07000000000000028
0.046666666666666856
-0.023333333333333428
-0.05333333333333323
-0.1333333333333333
-0.046666666666666856
-0.10000000000000009
-0.07000000000000028
-0.013333333333333197
0.11999999999999966
-0.05333333333333323
-0.0733333333333337
0.043333333333333446
0.050000000000000266
-0.08333333333333348
-0.050000000000000266
0.02666666666666684
-0.07666666666666666
-0.13000000000000034
-0.033333333333333215
-0.0066666666666663765
0.1166666666666667
-0.08333333333333348
-0.19333333333333336
0.0066666666666663765
0.023333333333333428
-0.2100000000000004
0.17999999999999972
0.17999999999999972
-0.02666666666666684
0.050000000000000266
-0.18999999999999995
-0.1466666666666665
-0.09666666666666623
-0.07000000000000028
-0.043333333333333446
-0.08666666666666645
-0.013333333333333197
-0.05333333333333323
-0.1033333333333335
-0.06666666666666643
-0.12333333333333307
-0.05333333333333323
-0.023333333333333428
0.02666666666666684
0.01666666666666705
-0.1033333333333335
-0.05333333333333323
0.013333333333333197
-0.050000000000000266
0.0066666666666663765
0.11333333333333329
-0.19666666666666677
-0.023333333333333428
0.02666666666666684
-0.01666666666666705
-0.02666666666666684
-0.01666666666666705
-0.13666666666666671
-0.009999999999999787
0.050000000000000266
-0.043333333333333446
-0.08999999999999986
-0.1499999999999999
0.07666666666666666
-0.050000000000000266
-0.036666666666666625
-0.046666666666666856
-0.10666666666666691
0.01666666666666705
-0.046666666666666856
-0.036666666666666625
0.05666666666666664
-0.2566666666666664
-0.13000000000000034
-0.12666666666666693
0.0033333333333334103
-0.09666666666666623
0.023333333333333428
0.01666666666666705
0.013333333333333197
0.033333333333333215
0.11999999999999966
-0.06000000000000005
0.023333333333333428
-0.0066666666666663765
0.046666666666666856
-0.09333333333333327
-0.03999999999999959
-0.12666666666666693
-0.036666666666666625
-0.08999999999999986
0.06666666666666643
-0.08000000000000007
-0.05666666666666664
-0.036666666666666625
-0.09666666666666623
-0.029999999999999805
-0.043333333333333446
-0.06000000000000005
-0.1333333333333333
-0.07000000000000028
0.06666666666666643
-0.15333333333333377
-0.08999999999999986
-0.023333333333333428
-0.1033333333333335
0.0033333333333334103
-0.036666666666666625
-0.15333333333333377
-0.02666666666666684
-0.029999999999999805
0.05666666666666664
0.01666666666666705
-0.05666666666666664
-0.1766666666666663
-0.03999999999999959
-0.07666666666666666
0.033333333333333215
-0.1466666666666665
-0.11999999999999966
0.0066666666666663765
0.05333333333333323
-0.06666666666666643
0.029999999999999805
-0.0733333333333337
-0.09666666666666623
-0.013333333333333197
-0.14000000000000012
0.16999999999999993
0.10999999999999988
-0.11333333333333329
0.043333333333333446
-0.046666666666666856
0.013333333333333197
-0.020000000000000018
-0.1033333333333335
0.01666666666666705
-0.043333333333333446
-0.029999999999999805
-0.07000000000000028
0.013333333333333197
-0.06000000000000005
-0.036666666666666625
0.09666666666666623
0.16999999999999993
0.0733333333333337
0.046666666666666856
-0.06333333333333302
-0.1466666666666665
0.020000000000000018
-0.14000000000000012
0.01666666666666705
-0.03999999999999959
0.043333333333333446
-0.10999999999999988
-0.03999999999999959
-0.050000000000000266
-0.020000000000000018
0.033333333333333215
-0.020000000000000018
-0.013333333333333197
-0.0066666666666663765
-0.013333333333333197
-0.050000000000000266
0.0066666666666663765
-0.07666666666666666
-0.009999999999999787
-0.08999999999999986
-0.050000000000000266
-0.050000000000000266
-0.08000000000000007
0.0066666666666663765
0.18333333333333357
0.0733333333333337
-0.013333333333333197
-0.08333333333333348
-0.0066666666666663765
-0.21333333333333337
0.0066666666666663765
-0.08333333333333348
-0.07000000000000028
-0.16999999999999993
0.10999999999999988
0.01666666666666705
0.06666666666666643
-0.043333333333333446
-0.05666666666666664
0.05666666666666664
-0.036666666666666625
-0.03999999999999959
-0.03999999999999959
0.15333333333333377
0.0
-0.1333333333333333
0.033333333333333215
-0.023333333333333428
-0.05333333333333323
-0.036666666666666625
0.02666666666666684
-0.0066666666666663765
-0.08999999999999986
0.06333333333333302
-0.06000000000000005
-0.16666666666666652
0.0066666666666663765
0.023333333333333428
-0.10000000000000009
0.013333333333333197
0.07000000000000028
0.043333333333333446
0.08333333333333348
0.1433333333333331
-0.11999999999999966
-0.036666666666666625
-0.10999999999999988
-0.11333333333333329
-0.0733333333333337
-0.16000000000000014
-0.02666666666666684
0.009999999999999787
0.036666666666666625
0.009999999999999787
-0.1033333333333335
0.2366666666666668
0.0033333333333334103
-0.15666666666666673
0.13666666666666671
-0.16333333333333355
0.0
-0.07666666666666666
-0.09333333333333327
-0.043333333333333446
0.050000000000000266
0.0033333333333334103
0.06333333333333302
0.0066666666666663765
-0.06333333333333302
0.0
-0.013333333333333197
-0.07000000000000028
-0.050000000000000266
-0.11999999999999966
-0.033333333333333215
0.013333333333333197
-0.013333333333333197
-0.029999999999999805
0.07666666666666666
0.02666666666666684
0.013333333333333197
0.046666666666666856
-0.043333333333333446
-0.06000000000000005
-0.03999999999999959
-0.033333333333333215
0.06000000000000005
0.08666666666666645
0.029999999999999805
-0.036666666666666625
0.06333333333333302
-0.11333333333333329
-0.08999999999999986
-0.14000000000000012
0.0033333333333334103
-0.08666666666666645
0.009999999999999787
0.0
-0.036666666666666625
-0.050000000000000266
0.0033333333333334103
-0.09666666666666623
-0.01666666666666705
-0.09333333333333327
0.046666666666666856
-0.036666666666666625
0.0733333333333337
0.033333333333333215
-0.046666666666666856
-0.13000000000000034
-0.013333333333333197
-0.06333333333333302
0.013333333333333197
-0.13000000000000034
0.029999999999999805
0.07000000000000028
-0.16333333333333355
-0.0033333333333334103
-0.03999999999999959
-0.07000000000000028
-0.013333333333333197
-0.01666666666666705
-0.046666666666666856
0.020000000000000018
-0.06666666666666643
0.01666666666666705
0.1166666666666667
-0.06333333333333302
0.013333333333333197
-0.1166666666666667
-0.0066666666666663765
0.18666666666666698
0.020000000000000018
0.033333333333333215
-0.0066666666666663765
-0.08333333333333348
-0.09333333333333327
-0.05333333333333323
-0.09666666666666623
-0.009999999999999787
0.033333333333333215
0.05666666666666664
0.1033333333333335
0.06666666666666643
-0.01666666666666705
-0.0733333333333337
0.029999999999999805
-0.06666666666666643
-0.0033333333333334103
-0.07666666666666666
0.03999999999999959
-0.1333333333333333
-0.05666666666666664
-0.1033333333333335
-0.05333333333333323
-0.03999999999999959
0.13000000000000034
-0.1033333333333335
0.1499999999999999
0.033333333333333215
-0.09333333333333327
0.08000000000000007
-0.0033333333333334103
-0.1033333333333335
-0.009999999999999787
0.05333333333333323
0.023333333333333428
0.046666666666666856
-0.033333333333333215
-0.08999999999999986
-0.07000000000000028
-0.06666666666666643
-0.19333333333333336
0.0033333333333334103
-0.050000000000000266
-0.12666666666666693
0.020000000000000018
0.033333333333333215
-0.0733333333333337
0.036666666666666625
-0.009999999999999787
-0.10999999999999988
0.009999999999999787
-0.19999999999999973
0.0066666666666663765
-0.16000000000000014
-0.013333333333333197
-0.08999999999999986
0.08333333333333348
-0.03999999999999959
0.023333333333333428
0.02666666666666684
-0.0066666666666663765
0.1033333333333335
-0.046666666666666856
-0.050000000000000266
0.1166666666666667
-0.08999999999999986
-0.046666666666666856
-0.10999999999999988
-0.0733333333333337
0.1333333333333333
0.05666666666666664
-0.06333333333333302
-0.13666666666666671
-0.16000000000000014
0.02666666666666684
-0.11999999999999966
-0.10999999999999988
0.009999999999999787
0.046666666666666856
0.01666666666666705
-0.13666666666666671
0.2100000000000004
-0.013333333333333197
-0.013333333333333197
0.07000000000000028
0.17999999999999972
0.0033333333333334103
0.029999999999999805
0.06000000000000005
0.0066666666666663765
0.0
0.06000000000000005
-0.06666666666666643
-0.06666666666666643
-0.1333333333333333
0.06666666666666643
-0.08999999999999986
-0.1466666666666665
-0.11333333333333329
0.023333333333333428
0.036666666666666625
0.14000000000000012
0.03999999999999959
-0.08000000000000007
0.009999999999999787
0.12666666666666693
0.033333333333333215
0.029999999999999805
-0.05666666666666664
-0.07000000000000028
0.0033333333333334103
-0.09666666666666623
0.0
-0.0733333333333337
0.14000000000000012
-0.023333333333333428
-0.050000000000000266
0.09333333333333327
0.033333333333333215
-0.16666666666666652
0.16666666666666652
-0.13000000000000034
0.023333333333333428
-0.16999999999999993
-0.05333333333333323
-0.06333333333333302
-0.009999999999999787
0.043333333333333446
-0.07666666666666666
0.06666666666666643
0.009999999999999787
0.020000000000000018
-0.013333333333333197
0.05333333333333323
-0.13666666666666671
-0.013333333333333197
0.029999999999999805
-0.08666666666666645
-0.06666666666666643
-0.13000000000000034
0.020000000000000018
-0.05333333333333323
-0.009999999999999787
0.0733333333333337
-0.043333333333333446
0.0066666666666663765
-0.029999999999999805
0.01666666666666705
-0.12666666666666693
-0.1033333333333335
-0.06666666666666643
0.06333333333333302
-0.06000000000000005
-0.029999999999999805
0.07666666666666666
0.08999999999999986
-0.02666666666666684
-0.09333333333333327
-0.17999999999999972
-0.05666666666666664
-0.023333333333333428
-0.08999999999999986
0.1033333333333335
-0.033333333333333215
0.0
-0.19666666666666677
0.0733333333333337
0.013333333333333197
0.03999999999999959
-0.0066666666666663765
0.05333333333333323
-0.03999999999999959
-0.15333333333333377
-0.01666666666666705
0.023333333333333428
0.013333333333333197
-0.12333333333333307
-0.050000000000000266
-0.1333333333333333
-0.043333333333333446
0.2366666666666668
-0.046666666666666856
-0.046666666666666856
-0.13000000000000034
0.02666666666666684
-0.046666666666666856
0.06333333333333302
0.013333333333333197
-0.16666666666666652
-0.020000000000000018
0.07000000000000028
-0.1033333333333335
-0.020000000000000018
-0.07666666666666666
-0.05666666666666664
-0.03999999999999959
0.10000000000000009
-0.10666666666666691
-0.020000000000000018
0.036666666666666625
-0.013333333333333197
-0.14000000000000012
0.03999999999999959
-0.1433333333333331
-0.029999999999999805
0.13000000000000034
0.033333333333333215
-0.020000000000000018
-0.08999999999999986
0.050000000000000266
-0.050000000000000266
-0.043333333333333446
0.02666666666666684
-0.06333333333333302
0.023333333333333428
0.05666666666666664
-0.08000000000000007
0.0
-0.036666666666666625
0.023333333333333428
-0.13666666666666671
-0.10666666666666691
0.033333333333333215
0.03999999999999959
-0.26666666666666705
-0.03999999999999959
0.036666666666666625
0.05333333333333323
0.020000000000000018
-0.20333333333333314
-0.03999999999999959
0.08999999999999986
-0.06666666666666643
-0.023333333333333428
0.043333333333333446
0.10000000000000009
0.2633333333333332
-0.050000000000000266
-0.13666666666666671
0.050000000000000266
0.1033333333333335
-0.05666666666666664
-0.07000000000000028
-0.020000000000000018
-0.050000000000000266
0.0033333333333334103
-0.05333333333333323
-0.050000000000000266
0.03999999999999959
-0.10666666666666691
-0.07666666666666666
-0.08666666666666645
0.029999999999999805
-0.05333333333333323
0.05666666666666664
-0.050000000000000266
0.050000000000000266
0.1433333333333331
-0.036666666666666625
-0.043333333333333446
0.033333333333333215
-0.0733333333333337
-0.013333333333333197
