0.40666666666666673
0.20333333333333314
0.34666666666666623
0.036666666666666625
0.1499999999999999
0.41333333333333355
0.4166666666666665
0.47666666666666657
0.16666666666666652
0.30666666666666664
0.30666666666666664
-0.1033333333333335
0.1033333333333335
0.6166666666666667
0.47666666666666657
0.40333333333333377
0.313333333333333
0.01666666666666705
0.10666666666666691
0.3333333333333335
0.5266666666666668
0.47666666666666657
0.3200000000000003
0.3999999999999999
0.5566666666666666
0.34333333333333327
0.3566666666666669
0.6566666666666667
0.5866666666666664
0.6266666666666669
0.3566666666666669
0.5399999999999996
0.6799999999999997
0.3200000000000003
0.2200000000000002
0.2833333333333332
0.3733333333333331
0.07000000000000028
0.5033333333333334
0.2599999999999998
0.6400000000000001
0.09333333333333327
0.18999999999999995
0.41999999999999993
0.21666666666666679
0.42333333333333334
0.5233333333333334
0.29666666666666686
0.5766666666666667
0.41333333333333355
0.29333333333333345
0.5899999999999999
0.3566666666666669
0.73
0.29666666666666686
0.45666666666666655
0.30666666666666664
0.3500000000000001
0.6233333333333331
0.3999999999999999
0.16333333333333355
0.4166666666666665
0.45333333333333314
0.43999999999999995
0.41333333333333355
0.5
0.5966666666666662
0.21666666666666679
0.43333333333333357
0.2533333333333334
0.48333333333333295
0.11999999999999966
0.40333333333333377
0.22666666666666657
0.02666666666666684
0.0066666666666663765
0.4600000000000004
0.5399999999999996
0.2400000000000002
0.36999999999999966
0.38000000000000034
0.3333333333333335
0.4600000000000004
0.6199999999999997
0.9299999999999997
0.2533333333333334
0.48
0.3833333333333333
0.313333333333333
0.24333333333333362
0.17999999999999972
0.41999999999999993
0.47666666666666657
0.5066666666666664
0.32666666666666666
0.23333333333333295
0.18333333333333357
0.3999999999999999
0.29333333333333345
0.06333333333333302
0.6366666666666667
0.08000000000000007
0.0033333333333334103
0.05666666666666664
0.3866666666666667
0.6066666666666669
0.31000000000000005
0.6466666666666665
0.41333333333333355
0.23333333333333295
0.24333333333333362
0.10666666666666691
0.2533333333333334
0.40333333333333377
0.22666666666666657
0.34333333333333327
0.436666666666667
0.18999999999999995
0.41333333333333355
0.3900000000000001
0.45666666666666655
0.15666666666666673
0.12666666666666693
0.34666666666666623
0.15666666666666673
0.32666666666666666
0.11333333333333329
0.5500000000000003
0.34333333333333327
0.10666666666666691
0.4266666666666663
0.41999999999999993
0.6799999999999997
0.47666666666666657
0.3833333333333333
0.2799999999999998
0.44999999999999973
0.31666666666666643
0.40333333333333377
0.3200000000000003
0.4166666666666665
0.27666666666666684
0.45666666666666655
0.5033333333333334
0.10000000000000009
0.32666666666666666
0.32666666666666666
0.40666666666666673
0.27
0.31000000000000005
0.41000000000000014
0.4900000000000002
0.24333333333333362
0.5666666666666664
0.3500000000000001
0.3866666666666667
0.31000000000000005
0.3766666666666669
0.3666666666666667
0.5866666666666664
0.44333333333333336
0.41000000000000014
0.2899999999999996
0.5466666666666669
0.07000000000000028
0.3633333333333333
0.33000000000000007
0.1166666666666667
0.3666666666666667
0.12333333333333307
0.3200000000000003
0.27666666666666684
0.22666666666666657
0.313333333333333
0.33666666666666645
0.16666666666666652
0.29333333333333345
0.33666666666666645
0.31000000000000005
0.22999999999999998
0.2533333333333334
0.0033333333333334103
0.42333333333333334
0.47666666666666657
0.09333333333333327
0.32666666666666666
0.1499999999999999
0.13000000000000034
0.1166666666666667
0.3333333333333335
0.2200000000000002
0.17999999999999972
0.09666666666666623
0.1166666666666667
0.0
0.16666666666666652
0.27666666666666684
0.14000000000000012
0.10666666666666691
0.0
0.29666666666666686
0.1466666666666665
0.08000000000000007
0.05333333333333323
0.0033333333333334103
-0.013333333333333197
-0.08000000000000007
-0.10666666666666691
-0.21666666666666679
-0.01666666666666705
-0.09666666666666623
-0.19333333333333336
0.0033333333333334103
-0.2366666666666668
-0.10999999999999988
-0.11999999999999966
-0.07000000000000028
-0.21666666666666679
-0.18999999999999995
-0.1166666666666667
-0.22333333333333316
-0.1466666666666665
-0.02666666666666684
-0.06000000000000005
-0.14000000000000012
-0.036666666666666625
-0.20666666666666655
-0.22666666666666657
-0.16333333333333355
-0.1033333333333335
-0.0033333333333334103
-0.029999999999999805
-0.029999999999999805
0.043333333333333446
0.01666666666666705
-0.0733333333333337
-0.1499999999999999
-0.12333333333333307
-0.13666666666666671
-0.16333333333333355
-0.06333333333333302
-0.09333333333333327
-0.0733333333333337
-0.1433333333333331
-0.27333333333333343
-0.05333333333333323
-0.05666666666666664
-0.2799999999999998
-0.18999999999999995
-0.21333333333333337
-0.1166666666666667
-0.15333333333333377
-0.19666666666666677
-0.08333333333333348
-0.17999999999999972
-0.21666666666666679
-0.2400000000000002
-0.16999999999999993
-0.1333333333333333
-0.2533333333333334
-0.16666666666666652
-0.23333333333333295
-0.14000000000000012
-0.17999999999999972
-0.17333333333333334
-0.16333333333333355
-0.24333333333333362
-0.21666666666666679
-0.27
-0.2866666666666666
-0.15333333333333377
-0.27
-0.1333333333333333
-0.20333333333333314
-0.07666666666666666
-0.1766666666666663
-0.13666666666666671
-0.23333333333333295
-0.17333333333333334
-0.16666666666666652
-0.2200000000000002
-0.15333333333333377
-0.08999999999999986
-0.17333333333333334
-0.16333333333333355
-0.31000000000000005
-0.18999999999999995
-0.22333333333333316
-0.2633333333333332
-0.023333333333333428
-0.13666666666666671
-0.27
-0.19999999999999973
-0.18999999999999995
-0.21333333333333337
-0.26666666666666705
-0.17999999999999972
-0.2366666666666668
-0.11333333333333329
-0.10000000000000009
-0.16999999999999993
-0.07000000000000028
-0.11999999999999966
-0.1466666666666665
-0.19999999999999973
-0.17333333333333334
-0.11333333333333329
-0.16333333333333355
-0.1499999999999999
-0.24333333333333362
-0.14000000000000012
-0.12333333333333307
-0.03999999999999959
-0.17333333333333334
-0.16666666666666652
-0.10999999999999988
-0.22666666666666657
-0.1466666666666665
-0.10000000000000009
-0.1499999999999999
-0.09666666666666623
-0.1766666666666663
-0.14000000000000012
-0.13666666666666671
-0.10666666666666691
-0.2599999999999998
-0.17999999999999972
-0.1433333333333331
-0.03999999999999959
-0.15666666666666673
-0.16000000000000014
-0.02666666666666684
-0.12333333333333307
-0.17333333333333334
-0.08000000000000007
-0.029999999999999805
-0.0033333333333334103
-0.1466666666666665
-0.08666666666666645
-0.12333333333333307
-0.09666666666666623
-0.05666666666666664
-0.020000000000000018
-0.16666666666666652
-0.1466666666666665
-0.2599999999999998
-0.2533333333333334
-0.12666666666666693
-0.19999999999999973
-0.18666666666666698
-0.18666666666666698
-0.036666666666666625
-0.07666666666666666
-0.07666666666666666
-0.2400000000000002
-0.07666666666666666
-0.1433333333333331
-0.11333333333333329
-0.24333333333333362
-0.16333333333333355
-0.30333333333333323
-0.10999999999999988
-0.19333333333333336
-0.16999999999999993
-0.21666666666666679
-0.10999999999999988
-0.13666666666666671
-0.1433333333333331
-0.09333333333333327
-0.16333333333333355
-0.1166666666666667
-0.10999999999999988
-0.12666666666666693
-0.2566666666666664
-0.11999999999999966
-0.20666666666666655
-0.06000000000000005
-0.03999999999999959
-0.14000000000000012
-0.08666666666666645
-0.046666666666666856
-0.19333333333333336
-0.12333333333333307
-0.18333333333333357
-0.17999999999999972
-0.12333333333333307
-0.1466666666666665
-0.22333333333333316
-0.20666666666666655
-0.21333333333333337
-0.046666666666666856
-0.11333333333333329
-0.10000000000000009
-0.11333333333333329
-0.07666666666666666
-0.050000000000000266
-0.09666666666666623
-0.2533333333333334
-0.06333333333333302
-0.1766666666666663
-0.22666666666666657
-0.08999999999999986
-0.16000000000000014
-0.15666666666666673
-0.1766666666666663
-0.22666666666666657
-0.1499999999999999
-0.19999999999999973
-0.11999999999999966
-0.16666666666666652
-0.16999999999999993
-0.13000000000000034
-0.12333333333333307
-0.07666666666666666
-0.20333333333333314
-0.1166666666666667
-0.16999999999999993
0.013333333333333197
-0.1466666666666665
-0.07000000000000028
-0.24333333333333362
-0.2566666666666664
-0.17999999999999972
-0.11999999999999966
-0.14000000000000012
-0.2599999999999998
-0.2400000000000002
-0.1166666666666667
-0.11333333333333329
-0.06000000000000005
-0.08333333333333348
-0.09333333333333327
-0.10999999999999988
-0.18999999999999995
-0.06000000000000005
-0.1433333333333331
-0.16000000000000014
-0.11333333333333329
-0.15333333333333377
-0.1033333333333335
-0.1333333333333333
-0.13666666666666671
-0.10000000000000009
-0.22999999999999998
-0.23333333333333295
-0.16999999999999993
0.0066666666666663765
-0.16333333333333355
-0.06666666666666643
-0.11999999999999966
-0.20333333333333314
-0.2100000000000004
-0.1333333333333333
-0.20666666666666655
-0.10999999999999988
-0.1433333333333331
-0.05666666666666664
-0.11333333333333329
-0.17333333333333334
-0.2833333333333332
-0.08333333333333348
-0.15666666666666673
-0.2599999999999998
-0.14000000000000012
-0.2100000000000004
-0.16666666666666652
-0.08999999999999986
-0.2799999999999998
-0.19666666666666677
-0.13666666666666671
0.0
-0.1433333333333331
-0.08666666666666645
-0.1433333333333331
-0.1333333333333333
-0.17333333333333334
-0.15666666666666673
-0.17333333333333334
-0.06333333333333302
-0.17333333333333334
-0.0033333333333334103
-0.1433333333333331
-0.313333333333333
-0.17333333333333334
-0.12666666666666693
-0.18999999999999995
-0.15333333333333377
-0.15666666666666673
-0.2466666666666666
-0.15333333333333377
-0.1333333333333333
-0.1766666666666663
-0.21666666666666679
-0.13666666666666671
-0.13666666666666671
-0.10000000000000009
-0.08999999999999986
-0.16333333333333355
-0.1499999999999999
-0.10000000000000009
-0.20333333333333314
-0.19999999999999973
-0.16666666666666652
-0.19666666666666677
-0.16666666666666652
-0.1333333333333333
-0.16666666666666652
-0.21666666666666679
-0.1333333333333333
-0.21666666666666679
-0.17999999999999972
-0.1466666666666665
-0.2366666666666668
-0.1166666666666667
-0.09666666666666623
-0.20333333333333314
-0.1166666666666667
-0.09666666666666623
-0.03999999999999959
-0.18999999999999995
-0.20666666666666655
-0.19666666666666677
-0.15333333333333377
-0.16333333333333355
-0.2200000000000002
-0.2466666666666666
-0.09666666666666623
-0.27
-0.1433333333333331
-0.18999999999999995
-0.1466666666666665
-0.16666666666666652
-0.19666666666666677
-0.2200000000000002
-0.16333333333333355
-0.27
-0.2633333333333332
-0.1499999999999999
-0.15333333333333377
-0.1333333333333333
-0.19999999999999973
-0.05333333333333323
-0.20333333333333314
-0.20666666666666655
-0.1166666666666667
-0.20333333333333314
-0.046666666666666856
-0.11999999999999966
-0.20333333333333314
-0.023333333333333428
-0.08666666666666645
-0.1466666666666665
-0.11999999999999966
-0.09666666666666623
-0.08666666666666645
-0.15666666666666673
-0.14000000000000012
-0.1433333333333331
-0.18666666666666698
-0.12666666666666693
-0.2200000000000002
-0.1333333333333333
-0.16666666666666652
-0.19333333333333336
-0.17999999999999972
-0.08000000000000007
-0.020000000000000018
-0.11333333333333329
-0.20666666666666655
-0.19666666666666677
-0.19666666666666677
-0.2200000000000002
-0.2633333333333332
-0.1433333333333331
-0.15333333333333377
-0.009999999999999787
-0.10999999999999988
-0.19666666666666677
-0.18999999999999995
-0.1766666666666663
-0.1333333333333333
-0.08000000000000007
-0.10666666666666691
-0.06333333333333302
-0.20333333333333314
-0.18666666666666698
-0.2599999999999998
-0.10000000000000009
-0.21333333333333337
-0.16999999999999993
-0.2366666666666668
-0.08000000000000007
-0.18999999999999995
-0.11999999999999966
-0.10000000000000009
-0.20666666666666655
-0.30000000000000027
-0.1433333333333331
-0.16666666666666652
-0.16333333333333355
-0.10000000000000009
-0.22333333333333316
-0.1466666666666665
-0.14000000000000012
-0.16999999999999993
-0.1499999999999999
-0.08999999999999986
-0.16999999999999993
-0.20333333333333314
-0.07666666666666666
-0.18666666666666698
-0.2833333333333332
-0.15333333333333377
-0.12666666666666693
-0.2833333333333332
-0.033333333333333215
-0.27333333333333343
-0.2599999999999998
-0.18999999999999995
-0.14000000000000012
-0.20333333333333314
-0.23333333333333295
-0.16333333333333355
-0.27666666666666684
-0.16333333333333355
-0.12666666666666693
-0.27
-0.10999999999999988
-0.10666666666666691
-0.14000000000000012
-0.30333333333333323
-0.13666666666666671
-0.15333333333333377
-0.17333333333333334
-0.19666666666666677
-0.19333333333333336
-0.16666666666666652
-0.17999999999999972
-0.08666666666666645
-0.11999999999999966
-0.19666666666666677
-0.12333333333333307
-0.08666666666666645
-0.2200000000000002
-0.18666666666666698
-0.08000000000000007
-0.1766666666666663
-0.15666666666666673
-0.12666666666666693
-0.1499999999999999
-0.09666666666666623
-0.19999999999999973
-0.19333333333333336
-0.1333333333333333
-0.25
-0.2566666666666664
-0.1499999999999999
-0.19333333333333336
-0.2200000000000002
-0.18333333333333357
-0.06333333333333302
-0.1466666666666665
-0.2566666666666664
-0.08333333333333348
-0.19333333333333336
-0.17999999999999972
-0.2566666666666664
-0.09333333333333327
-0.09333333333333327
-0.10000000000000009
-0.02666666666666684
-0.16666666666666652
-0.29333333333333345
-0.24333333333333362
-0.16999999999999993
-0.19333333333333336
-0.10000000000000009
-0.1499999999999999
-0.13000000000000034
-0.11333333333333329
-0.07666666666666666
-0.18333333333333357
-0.10000000000000009
-0.18333333333333357
-0.1433333333333331
-0.18666666666666698
-0.17333333333333334
-0.20333333333333314
-0.16999999999999993
-0.10000000000000009
-0.15333333333333377
-0.08999999999999986
-0.15333333333333377
-0.10000000000000009
-0.15666666666666673
-0.06666666666666643
-0.22333333333333316
-0.18999999999999995
-0.10999999999999988
-0.20666666666666655
-0.16666666666666652
-0.1499999999999999
-0.13000000000000034
-0.10666666666666691
-0.020000000000000018
-0.19666666666666677
-0.3466666666666667
-0.15666666666666673
-0.21333333333333337
-0.12333333333333307
-0.1766666666666663
-0.08666666666666645
-0.1466666666666665
-0.2366666666666668
-0.2100000000000004
-0.15333333333333377
-0.19333333333333336
-0.1166666666666667
-0.16999999999999993
-0.22999999999999998
-0.18999999999999995
-0.19333333333333336
-0.17333333333333334
-0.18999999999999995
-0.050000000000000266
-0.22333333333333316
-0.10666666666666691
-0.07666666666666666
-0.17999999999999972
-0.2366666666666668
-0.20333333333333314
-0.1433333333333331
-0.15333333333333377
-0.2466666666666666
-0.1766666666666663
-0.06666666666666643
-0.15333333333333377
-0.10000000000000009
-0.1766666666666663
-0.19666666666666677
-0.19333333333333336
-0.16333333333333355
-0.1433333333333331
-0.16666666666666652
-0.06000000000000005
-0.21666666666666679
-0.12333333333333307
-0.13666666666666671
-0.09333333333333327
-0.10666666666666691
-0.0733333333333337
-0.16999999999999993
-0.07666666666666666
-0.043333333333333446
-0.26666666666666705
-0.10000000000000009
-0.24333333333333362
-0.1466666666666665
-0.1333333333333333
-0.21333333333333337
-0.16000000000000014
-0.13000000000000034
-0.20333333333333314
-0.050000000000000266
-0.10666666666666691
-0.1433333333333331
-0.17999999999999972
-0.20333333333333314
-0.24333333333333362
-0.10000000000000009
-0.06666666666666643
-0.10666666666666691
-0.23333333333333295
-0.17333333333333334
-0.2100000000000004
-0.2799999999999998
-0.13666666666666671
-0.21333333333333337
-0.15666666666666673
-0.16000000000000014
-0.1766666666666663
-0.08000000000000007
-0.15666666666666673
-0.22333333333333316
-0.12333333333333307
-0.33999999999999986
-0.2100000000000004
-0.11999999999999966
-0.25
-0.0733333333333337
-0.2100000000000004
-0.15333333333333377
-0.18999999999999995
-0.13666666666666671
-0.25
-0.27666666666666684
-0.17333333333333334
-0.01666666666666705
-0.19666666666666677
-0.16666666666666652
-0.22999999999999998
-0.05333333333333323
-0.2100000000000004
-0.1466666666666665
-0.11999999999999966
-0.1333333333333333
-0.1166666666666667
-0.1033333333333335
-0.05333333333333323
-0.2466666666666666
-0.16000000000000014
-0.2533333333333334
-0.08999999999999986
-0.029999999999999805
-0.08999999999999986
-0.1033333333333335
-0.11333333333333329
-0.30666666666666664
-0.17999999999999972
-0.0733333333333337
-0.17333333333333334
-0.08000000000000007
-0.16000000000000014
-0.07666666666666666
-0.14000000000000012
-0.18999999999999995
-0.05333333333333323
-0.029999999999999805
-0.25
-0.2366666666666668
-0.12666666666666693
-0.20333333333333314
-0.08333333333333348
-0.18999999999999995
-0.27666666666666684
-0.24333333333333362
-0.19666666666666677
-0.15333333333333377
-0.08999999999999986
-0.029999999999999805
-0.18999999999999995
-0.18999999999999995
-0.0733333333333337
-0.08666666666666645
-0.19999999999999973
-0.18666666666666698
-0.14000000000000012
-0.1766666666666663
-0.29666666666666686
-0.1499999999999999
-0.20333333333333314
-0.2599999999999998
-0.15333333333333377
-0.13000000000000034
-0.15666666666666673
-0.2366666666666668
-0.27666666666666684
-0.17333333333333334
-0.2200000000000002
-0.13666666666666671
-0.2400000000000002
-0.12333333333333307
-0.19333333333333336
-0.029999999999999805
-0.10666666666666691
-0.12666666666666693
-0.12333333333333307
-0.13000000000000034
-0.1499999999999999
-0.18333333333333357
-0.06666666666666643
-0.27666666666666684
-0.16333333333333355
-0.10000000000000009
-0.1766666666666663
-0.15666666666666673
-0.17999999999999972
-0.16999999999999993
-0.17333333333333334
-0.1499999999999999
-0.15666666666666673
-0.15333333333333377
-0.1033333333333335
-0.08999999999999986
-0.17333333333333334
-0.21666666666666679
-0.20333333333333314
-0.22666666666666657
-0.15666666666666673
-0.14000000000000012
-0.10999999999999988
-0.19333333333333336
-0.1499999999999999
-0.18666666666666698
-0.17333333333333334
-0.27
-0.15666666666666673
-0.11333333333333329
-0.08999999999999986
-0.12666666666666693
-0.22333333333333316
-0.03999999999999959
-0.22666666666666657
-0.21666666666666679
-0.1466666666666665
-0.2799999999999998
-0.19666666666666677
-0.18666666666666698
-0.17999999999999972
-0.24333333333333362
-0.06666666666666643
-0.12666666666666693
-0.09666666666666623
-0.2633333333333332
-0.2400000000000002
-0.1333333333333333
-0.11333333333333329
-0.09333333333333327
-0.08666666666666645
-0.2566666666666664
-0.2200000000000002
-0.1433333333333331
-0.18666666666666698
-0.12666666666666693
-0.16666666666666652
-0.19666666666666677
-0.10000000000000009
-0.050000000000000266
-0.23333333333333295
-0.3200000000000003
-0.1466666666666665
-0.1766666666666663
-0.14000000000000012
-0.2100000000000004
-0.18666666666666698
-0.10000000000000009
-0.08333333333333348
-0.033333333333333215
-0.2200000000000002
-0.07000000000000028
-0.12333333333333307
-0.16999999999999993
-0.2100000000000004
-0.09666666666666623
0.0
-0.10999999999999988
-0.14000000000000012
-0.16999999999999993
-0.21333333333333337
-0.09333333333333327
-0.033333333333333215
-0.18666666666666698
-0.08333333333333348
-0.2100000000000004
-0.22999999999999998
-0.18666666666666698
-0.1466666666666665
-0.22666666666666657
-0.18666666666666698
-0.15666666666666673
-0.050000000000000266
-0.2866666666666666
-0.07000000000000028
-0.08333333333333348
-0.13666666666666671
-0.1499999999999999
-0.19333333333333336
-0.14000000000000012
-0.16000000000000014
-0.16666666666666652
-0.1433333333333331
-0.08666666666666645
-0.16999999999999993
-0.08666666666666645
-0.16000000000000014
-0.1466666666666665
-0.03999999999999959
-0.22666666666666657
-0.27666666666666684
-0.2200000000000002
-0.13000000000000034
-0.16000000000000014
-0.16666666666666652
-0.20333333333333314
-0.16999999999999993
-0.10000000000000009
-0.15666666666666673
-0.06666666666666643
-0.1466666666666665
-0.1499999999999999
-0.19333333333333336
-0.1333333333333333
-0.22999999999999998
-0.029999999999999805
-0.13666666666666671
-0.2866666666666666
-0.1433333333333331
-0.19666666666666677
-0.1333333333333333
-0.16333333333333355
