0.44666666666666677
0.2833333333333332
-0.0033333333333334103
0.13666666666666671
0.33999999999999986
0.5833333333333335
0.21666666666666679
0.1166666666666667
0.2566666666666664
0.21666666666666679
0.32666666666666666
-0.21333333333333337
-0.1466666666666665
0.22666666666666657
0.07666666666666666
0.023333333333333428
0.18333333333333357
-0.1333333333333333
0.06666666666666643
0.21333333333333337
0.12666666666666693
0.20666666666666655
0.44999999999999973
0.029999999999999805
0.07666666666666666
0.2533333333333334
0.21666666666666679
0.26666666666666705
0.3666666666666667
0.27666666666666684
0.1166666666666667
0.0
0.2400000000000002
0.36999999999999966
0.18999999999999995
-0.08666666666666645
0.05333333333333323
-0.009999999999999787
0.6333333333333333
-0.11999999999999966
0.3200000000000003
0.22333333333333316
0.2200000000000002
0.22999999999999998
0.2366666666666668
0.24333333333333362
0.1033333333333335
0.21666666666666679
0.5666666666666664
0.30333333333333323
0.48333333333333295
-0.10999999999999988
0.2466666666666666
0.43999999999999995
0.5866666666666664
0.4166666666666665
0.2466666666666666
0.27
0.48333333333333295
0.27
0.3633333333333333
0.34666666666666623
0.19333333333333336
0.4700000000000002
0.22333333333333316
0.2599999999999998
0.3866666666666667
0.1466666666666665
0.4933333333333336
0.19333333333333336
0.40333333333333377
0.4600000000000004
0.16333333333333355
0.10666666666666691
0.09666666666666623
0.4666666666666668
0.31000000000000005
0.14000000000000012
0.22999999999999998
0.5099999999999998
0.4600000000000004
0.5333333333333332
0.38000000000000034
0.2599999999999998
0.44999999999999973
0.313333333333333
0.27
0.6533333333333338
0.5333333333333332
0.15333333333333377
0.44999999999999973
0.3599999999999999
0.436666666666667
0.27666666666666684
0.40666666666666673
0.2633333333333332
0.1033333333333335
0.3999999999999999
0.27333333333333343
0.11333333333333329
0.34666666666666623
0.33999999999999986
0.2633333333333332
0.2366666666666668
0.4166666666666665
0.5366666666666666
0.5899999999999999
0.5866666666666664
0.313333333333333
0.5533333333333332
0.6433333333333331
0.6166666666666667
0.5333333333333332
0.7433333333333336
0.32666666666666666
0.47333333333333316
0.8166666666666664
0.5899999999999999
0.5833333333333335
0.6000000000000001
0.686666666666667
0.7366666666666668
1.0266666666666664
1.0266666666666664
0.6666666666666665
0.9866666666666668
0.6333333333333333
1.0499999999999998
0.5133333333333332
0.6966666666666668
0.8266666666666667
0.8399999999999999
1.2700000000000005
0.6066666666666669
1.003333333333333
0.6799999999999997
0.8800000000000003
0.7066666666666666
1.0533333333333337
1.5
1.1366666666666667
0.5866666666666664
1.416666666666667
1.1133333333333333
1.0
1.2566666666666668
1.336666666666667
1.2866666666666662
1.4900000000000002
1.17
0.8500000000000001
1.3399999999999999
1.3033333333333337
1.1966666666666663
1.0899999999999999
1.1766666666666667
1.21
1.2866666666666662
1.3566666666666665
1.0666666666666664
1.0733333333333333
1.2599999999999998
1.37
1.086666666666667
1.17
0.9533333333333331
1.2800000000000002
0.9266666666666663
1.1766666666666667
1.2333333333333334
1.17
1.4366666666666665
1.706666666666666
1.413333333333333
1.3566666666666665
1.496666666666667
1.1433333333333335
1.3666666666666663
1.5
1.5599999999999996
1.5333333333333332
1.5233333333333334
1.3433333333333328
1.706666666666666
0.9533333333333331
1.576666666666667
1.1499999999999995
1.0700000000000003
1.326666666666667
1.583333333333333
1.87
1.5
1.7366666666666672
1.5966666666666667
1.2000000000000002
1.826666666666667
1.626666666666667
1.5499999999999998
1.666666666666667
1.8200000000000003
2.1066666666666665
2.006666666666667
1.71
1.9933333333333332
2.2333333333333334
1.9266666666666667
1.9799999999999995
2.253333333333333
1.8533333333333335
2.413333333333333
1.833333333333333
1.456666666666666
2.1933333333333334
2.043333333333334
2.0700000000000003
2.05
2.2700000000000005
2.2633333333333328
1.7599999999999998
2.1933333333333334
2.3066666666666666
2.293333333333334
2.3133333333333335
2.2800000000000002
1.8399999999999999
2.1533333333333333
2.0133333333333328
1.7333333333333334
2.156666666666667
2.2366666666666672
2.3466666666666667
2.3500000000000005
2.7600000000000007
2.4433333333333325
2.506666666666667
2.706666666666667
2.3200000000000003
2.546666666666667
2.533333333333334
2.0666666666666664
2.496666666666666
2.4066666666666663
2.3166666666666664
2.1166666666666663
1.9466666666666663
2.5166666666666666
2.8933333333333335
2.46
1.6499999999999995
2.206666666666666
2.753333333333334
2.3966666666666674
2.293333333333334
2.6866666666666665
2.579999999999999
2.4433333333333325
2.37
2.5199999999999996
2.7366666666666672
2.3966666666666674
2.3533333333333326
2.206666666666666
2.6000000000000005
2.4899999999999993
2.376666666666666
2.4866666666666672
2.2266666666666666
2.413333333333333
2.1900000000000004
2.173333333333333
2.626666666666666
2.0300000000000002
2.576666666666667
2.3066666666666666
2.5133333333333328
2.673333333333333
2.4433333333333325
2.336666666666667
2.456666666666667
2.5233333333333334
2.1799999999999997
2.5266666666666664
2.59
2.156666666666667
2.416666666666667
2.08
2.1900000000000004
2.546666666666667
2.0666666666666664
2.6066666666666665
2.173333333333333
2.4899999999999993
2.62
2.2700000000000005
2.416666666666667
2.1433333333333335
2.71
2.253333333333333
2.746666666666666
2.75
2.3599999999999994
2.9699999999999998
2.7399999999999993
2.373333333333334
2.16
2.2266666666666666
2.216666666666667
2.366666666666667
2.59
2.1866666666666665
2.08
2.576666666666667
2.7800000000000002
2.3166666666666664
2.413333333333333
2.7
2.3433333333333337
2.253333333333333
2.7399999999999993
2.55
2.463333333333334
2.753333333333334
2.71
2.463333333333334
2.383333333333333
2.0200000000000005
2.579999999999999
2.4766666666666666
2.2700000000000005
2.7633333333333328
2.3900000000000006
2.8433333333333337
2.586666666666667
2.456666666666667
2.3599999999999994
2.670000000000001
2.4266666666666667
2.283333333333333
2.743333333333333
2.6366666666666667
2.783333333333334
2.5933333333333337
2.670000000000001
2.5933333333333337
2.543333333333333
2.38
1.876666666666667
2.5733333333333333
2.5199999999999996
2.703333333333333
2.673333333333333
2.6133333333333333
2.793333333333333
2.4333333333333336
2.25
2.623333333333334
2.4266666666666667
2.5666666666666664
2.1766666666666667
2.1366666666666667
2.376666666666666
2.5300000000000002
2.3566666666666665
2.7600000000000007
2.4433333333333325
2.6900000000000004
2.703333333333333
2.9266666666666667
2.1066666666666665
2.5666666666666664
2.8433333333333337
2.3599999999999994
2.5733333333333333
2.5533333333333337
2.1799999999999997
2.163333333333333
2.63
2.45
2.62
2.673333333333333
2.8433333333333337
2.616666666666667
2.8966666666666674
2.4766666666666666
2.579999999999999
1.9466666666666663
2.7233333333333336
2.4066666666666663
2.383333333333333
2.3966666666666674
2.783333333333334
2.706666666666667
2.8200000000000003
2.616666666666667
2.493333333333333
2.8
2.5733333333333333
2.1966666666666663
2.506666666666667
2.5133333333333328
2.173333333333333
2.4899999999999993
2.4699999999999998
2.4433333333333325
2.173333333333333
2.4433333333333325
2.2800000000000002
2.420000000000001
2.79
2.6033333333333326
2.670000000000001
2.6000000000000005
2.8166666666666664
2.6533333333333333
2.216666666666667
2.783333333333334
2.5100000000000007
2.6433333333333335
2.3633333333333333
2.79
2.4266666666666667
2.243333333333333
2.16
2.9299999999999997
2.1900000000000004
2.17
2.1799999999999997
2.8133333333333335
2.9266666666666667
2.55
2.5266666666666664
2.376666666666666
2.54
2.29
2.55
2.8066666666666675
2.2299999999999995
2.626666666666666
2.1966666666666663
2.836666666666667
2.466666666666666
2.5633333333333335
2.88
2.1399999999999997
2.206666666666666
2.3099999999999996
2.366666666666667
2.616666666666667
2.4033333333333333
2.5700000000000003
2.666666666666667
2.579999999999999
2.786666666666666
2.0633333333333335
2.5599999999999996
2.916666666666667
3.1033333333333326
2.496666666666666
1.8566666666666665
2.616666666666667
2.8166666666666664
2.453333333333333
2.37
2.579999999999999
2.17
2.2733333333333334
2.6000000000000005
1.9500000000000002
2.1833333333333336
2.7333333333333334
2.3900000000000006
2.2666666666666666
2.5533333333333337
2.836666666666667
2.3866666666666667
2.296666666666667
2.6033333333333326
2.3166666666666664
2.7366666666666672
2.576666666666667
2.536666666666666
2.746666666666666
2.1366666666666667
2.4866666666666672
2.8533333333333326
2.1399999999999997
2.2266666666666666
2.123333333333333
2.583333333333333
2.256666666666667
2.786666666666666
2.3933333333333335
2.503333333333334
2.5933333333333337
2.413333333333333
2.670000000000001
2.66
2.586666666666667
2.4400000000000004
2.5100000000000007
2.4466666666666663
2.3900000000000006
2.3433333333333337
2.503333333333334
2.4733333333333336
2.6766666666666667
2.6533333333333333
2.5733333333333333
2.6366666666666667
2.493333333333333
2.63
2.7733333333333334
2.0733333333333333
2.5933333333333337
2.633333333333333
2.326666666666667
2.8433333333333337
2.6833333333333336
2.84
2.5100000000000007
2.083333333333333
2.3433333333333337
2.366666666666667
2.336666666666667
2.2199999999999998
2.753333333333334
2.873333333333334
2.26
2.8166666666666664
2.2299999999999995
2.3433333333333337
2.8233333333333333
2.373333333333334
2.63
2.5266666666666664
2.4699999999999998
2.536666666666666
2.66
2.5266666666666664
2.546666666666667
2.6099999999999994
2.456666666666667
2.5666666666666664
2.2233333333333336
2.533333333333334
2.1966666666666663
2.9333333333333336
2.41
2.2266666666666666
3.046666666666667
2.883333333333333
2.583333333333333
2.6000000000000005
2.8533333333333326
2.7333333333333334
2.3233333333333333
2.46
2.6966666666666663
2.213333333333334
2.633333333333333
2.45
2.586666666666667
2.5233333333333334
2.4066666666666663
2.5199999999999996
2.829999999999999
2.59
2.666666666666667
2.423333333333333
2.2633333333333328
2.383333333333333
2.0200000000000005
2.1466666666666665
2.6866666666666665
2.6966666666666663
2.24
2.7399999999999993
2.623333333333334
2.3900000000000006
2.413333333333333
2.416666666666667
2.95
2.7733333333333334
2.5166666666666666
2.4066666666666663
2.173333333333333
2.2
2.5599999999999996
2.156666666666667
2.5300000000000002
2.3933333333333335
2.6900000000000004
2.79
2.670000000000001
2.8
2.673333333333333
2.2199999999999998
2.7766666666666664
2.5533333333333337
2.9766666666666666
2.3500000000000005
2.296666666666667
2.3633333333333333
2.5300000000000002
2.8200000000000003
2.7600000000000007
2.2199999999999998
2.2700000000000005
2.216666666666667
2.453333333333333
2.253333333333333
2.256666666666667
2.616666666666667
2.333333333333333
2.3966666666666674
2.3466666666666667
2.1366666666666667
2.29
2.2
2.17
2.4466666666666663
2.366666666666667
2.5266666666666664
2.293333333333334
2.4266666666666667
2.543333333333333
2.21
2.71
2.5133333333333328
2.579999999999999
2.216666666666667
2.7233333333333336
2.376666666666666
2.4266666666666667
2.373333333333334
2.4266666666666667
2.5533333333333337
2.29
2.463333333333334
2.9800000000000004
2.5633333333333335
2.796666666666667
2.923333333333333
2.7
2.673333333333333
2.75
2.453333333333333
2.3933333333333335
2.3633333333333333
2.41
2.6933333333333325
2.45
2.326666666666667
2.166666666666667
2.55
2.3633333333333333
2.34
2.416666666666667
2.3500000000000005
2.666666666666667
2.746666666666666
2.583333333333333
2.493333333333333
2.746666666666666
2.376666666666666
2.62
2.5933333333333337
2.6866666666666665
2.3966666666666674
2.7300000000000004
3.003333333333334
2.3633333333333333
2.3066666666666666
2.626666666666666
2.670000000000001
2.4066666666666663
2.670000000000001
2.7
2.5700000000000003
2.826666666666667
2.743333333333333
2.456666666666667
2.5100000000000007
2.546666666666667
2.496666666666666
2.6133333333333333
2.2666666666666666
2.5666666666666664
2.25
2.7
2.5666666666666664
2.59
2.746666666666666
2.6900000000000004
2.6933333333333325
2.8633333333333333
2.4766666666666666
2.3599999999999994
2.6900000000000004
2.3433333333333337
2.753333333333334
2.34
2.3900000000000006
2.4033333333333333
2.9299999999999997
2.2733333333333334
1.9833333333333334
2.6133333333333333
2.2666666666666666
2.456666666666667
2.4733333333333336
2.453333333333333
2.673333333333333
2.3033333333333337
2.54
2.6066666666666665
2.2766666666666664
2.963333333333334
2.3200000000000003
2.2800000000000002
2.8599999999999994
2.4366666666666665
2.256666666666667
2.37
2.920000000000001
2.496666666666666
2.503333333333334
2.623333333333334
2.3599999999999994
2.383333333333333
2.326666666666667
2.706666666666667
2.5966666666666667
2.373333333333334
2.793333333333333
2.5733333333333333
2.4066666666666663
3.0
2.7633333333333328
2.1033333333333335
2.6566666666666663
2.5166666666666666
2.456666666666667
2.583333333333333
3.29
2.3233333333333333
2.9866666666666672
2.713333333333334
2.826666666666667
2.9833333333333334
2.9466666666666663
2.3999999999999995
2.7633333333333328
3.086666666666667
2.123333333333333
2.7399999999999993
2.2766666666666664
2.6433333333333335
2.376666666666666
2.286666666666666
2.3999999999999995
2.5599999999999996
2.3866666666666667
2.579999999999999
3.0533333333333337
2.7366666666666672
2.54
2.7666666666666666
2.4266666666666667
2.9699999999999998
2.5733333333333333
2.583333333333333
2.206666666666666
2.4066666666666663
2.5
1.83
2.4033333333333333
2.0666666666666664
2.713333333333334
2.4699999999999998
2.383333333333333
2.7399999999999993
2.8633333333333333
2.4366666666666665
2.8866666666666667
2.25
2.3999999999999995
2.7300000000000004
2.17
2.866666666666667
2.2700000000000005
2.7266666666666666
2.7199999999999998
2.1933333333333334
2.4899999999999993
2.333333333333333
2.3466666666666667
2.8233333333333333
2.293333333333334
2.6533333333333333
2.24
2.796666666666667
2.26
2.453333333333333
2.37
2.3466666666666667
2.543333333333333
2.666666666666667
2.616666666666667
2.3433333333333337
2.5199999999999996
2.3066666666666666
2.829999999999999
2.7
2.7
2.616666666666667
2.7766666666666664
2.2233333333333336
2.2299999999999995
2.826666666666667
2.626666666666666
2.75
2.66
2.6933333333333325
2.55
2.63
3.0266666666666664
3.0700000000000003
2.45
2.203333333333333
2.873333333333334
2.5966666666666667
2.996666666666666
2.96
1.8433333333333328
2.1366666666666667
2.253333333333333
2.6766666666666667
2.5700000000000003
2.9699999999999998
2.41
2.1399999999999997
2.6866666666666665
2.6133333333333333
2.1900000000000004
2.623333333333334
2.71
2.3133333333333335
2.533333333333334
3.0100000000000007
2.416666666666667
2.1399999999999997
2.5566666666666675
2.5
2.5633333333333335
2.2233333333333336
2.163333333333333
2.5666666666666664
2.6099999999999994
2.673333333333333
1.7700000000000005
2.1366666666666667
2.456666666666667
2.7800000000000002
2.8033333333333337
2.583333333333333
2.5566666666666675
2.7399999999999993
2.87
2.576666666666667
2.453333333333333
2.1933333333333334
2.6766666666666667
2.6900000000000004
2.3433333333333337
2.6033333333333326
2.2700000000000005
2.41
2.6066666666666665
2.4800000000000004
2.4033333333333333
2.9366666666666665
2.536666666666666
2.6799999999999997
2.6566666666666663
2.543333333333333
2.0266666666666664
2.253333333333333
2.533333333333334
2.7
2.46
2.376666666666666
2.5
1.9933333333333332
2.5266666666666664
2.17
2.6533333333333333
2.756666666666667
2.38
2.7633333333333328
2.0966666666666667
2.7199999999999998
2.3233333333333333
2.463333333333334
2.453333333333333
2.2
2.3433333333333337
2.5733333333333333
2.66
2.416666666666667
2.583333333333333
2.543333333333333
2.8233333333333333
2.166666666666667
2.4299999999999997
2.466666666666666
2.7766666666666664
2.416666666666667
2.8133333333333335
2.2633333333333328
2.4899999999999993
2.376666666666666
2.5533333333333337
2.6833333333333336
2.4733333333333336
2.3233333333333333
3.16
2.420000000000001
2.536666666666666
2.1799999999999997
2.6033333333333326
2.4333333333333336
2.62
2.4899999999999993
2.7333333333333334
2.62
2.7266666666666666
2.8466666666666667
2.4400000000000004
2.8900000000000006
2.2266666666666666
2.7600000000000007
2.3999999999999995
2.4433333333333325
2.7
2.8200000000000003
2.59
2.420000000000001
2.6366666666666667
2.866666666666667
2.956666666666667
2.3033333333333337
2.8866666666666667
2.37
2.01
2.423333333333333
2.5633333333333335
2.383333333333333
2.373333333333334
2.623333333333334
2.5100000000000007
1.913333333333333
2.8500000000000005
2.6066666666666665
2.3433333333333337
2.2700000000000005
2.296666666666667
2.5
2.3900000000000006
2.5533333333333337
2.666666666666667
2.543333333333333
2.5700000000000003
2.5633333333333335
2.1100000000000003
2.6033333333333326
3.0300000000000002
2.623333333333334
2.0533333333333337
2.4299999999999997
2.5300000000000002
2.41
2.663333333333333
2.576666666666667
2.66
2.8599999999999994
2.283333333333333
2.4033333333333333
2.673333333333333
2.26
2.4466666666666663
2.756666666666667
2.420000000000001
2.8999999999999995
2.673333333333333
2.283333333333333
2.626666666666666
2.3633333333333333
2.3466666666666667
2.376666666666666
